# Size distribution
Raw_x_axis_distribution = [0.1, 0.2, 0.3, 0.4, 0.5, 0.6, 0.7, 0.8, 0.9, 1, 1.1, 1.2, 1.3, 1.4, 1.5, 1.6, 1.7, 1.8, 1.9, 2]
Raw_numFrac = [4.05893308549441E-06, 2.35922944475055E-05, 0.000116853399364, 0.000493202653899, 0.001773872257769, 0.00543665984533, 0.014198905345248, 0.031600244985641, 0.059929260396619, 0.096850143669329, 0.133375021826959, 0.156517038032707, 0.156517038032707, 0.133375021826959, 0.096850143669329, 0.059929260396619, 0.031600244985641, 0.014198905345248, 0.00543665984533, 0.001773872257769]
scale = 1

# Number of particles
N_particles = 100

# Box options
L = 6
Lz = 60

#Ellipsoids options
Aspect_ratio = 0.514
thikness = 0.6
spheres = True

# Simulation options
friction = 0.1
step_frame = 100

