solid Exported from Blender-3.3.1
facet normal 0.000000 -1.000000 0.000000
outer loop
vertex 0.420000 -0.700000 -0.420000
vertex 0.420000 -0.700000 0.420000
vertex -0.420000 -0.700000 0.420000
endloop
endfacet
facet normal 0.000000 -1.000000 0.000000
outer loop
vertex 0.420000 -0.700000 -0.420000
vertex -0.420000 -0.700000 0.420000
vertex -0.420000 -0.700000 -0.420000
endloop
endfacet
facet normal 1.000000 0.000000 0.000000
outer loop
vertex 0.700000 0.420000 -0.420000
vertex 0.700000 0.420000 0.420000
vertex 0.700000 -0.420000 0.420000
endloop
endfacet
facet normal 1.000000 0.000000 0.000000
outer loop
vertex 0.700000 0.420000 -0.420000
vertex 0.700000 -0.420000 0.420000
vertex 0.700000 -0.420000 -0.420000
endloop
endfacet
facet normal 0.000000 0.000000 1.000000
outer loop
vertex 0.420000 0.420000 0.700000
vertex -0.420000 0.420000 0.700000
vertex -0.420000 -0.420000 0.700000
endloop
endfacet
facet normal 0.000000 0.000000 1.000000
outer loop
vertex 0.420000 0.420000 0.700000
vertex -0.420000 -0.420000 0.700000
vertex 0.420000 -0.420000 0.700000
endloop
endfacet
facet normal -1.000000 0.000000 0.000000
outer loop
vertex -0.700000 -0.420000 -0.420000
vertex -0.700000 -0.420000 0.420000
vertex -0.700000 0.420000 0.420000
endloop
endfacet
facet normal -1.000000 0.000000 0.000000
outer loop
vertex -0.700000 -0.420000 -0.420000
vertex -0.700000 0.420000 0.420000
vertex -0.700000 0.420000 -0.420000
endloop
endfacet
facet normal 0.000000 1.000000 0.000000
outer loop
vertex -0.420000 0.700000 -0.420000
vertex -0.420000 0.700000 0.420000
vertex 0.420000 0.700000 0.420000
endloop
endfacet
facet normal 0.000000 1.000000 0.000000
outer loop
vertex -0.420000 0.700000 -0.420000
vertex 0.420000 0.700000 0.420000
vertex 0.420000 0.700000 -0.420000
endloop
endfacet
facet normal -0.263873 -0.249293 -0.931785
outer loop
vertex -0.420000 -0.420000 -0.700000
vertex -0.420000 -0.559816 -0.662593
vertex -0.553899 -0.553899 -0.626257
endloop
endfacet
facet normal -0.249293 -0.263873 -0.931785
outer loop
vertex -0.420000 -0.420000 -0.700000
vertex -0.553899 -0.553899 -0.626257
vertex -0.559816 -0.420000 -0.662593
endloop
endfacet
facet normal -0.217777 -0.690135 -0.690135
outer loop
vertex -0.420000 -0.559816 -0.662593
vertex -0.420000 -0.662593 -0.559816
vertex -0.553899 -0.626257 -0.553899
endloop
endfacet
facet normal -0.217778 -0.690135 -0.690135
outer loop
vertex -0.420000 -0.559816 -0.662593
vertex -0.553899 -0.626257 -0.553899
vertex -0.553899 -0.553899 -0.626257
endloop
endfacet
facet normal -0.249293 -0.931786 -0.263872
outer loop
vertex -0.420000 -0.700000 -0.420000
vertex -0.559816 -0.662593 -0.420000
vertex -0.553899 -0.626257 -0.553899
endloop
endfacet
facet normal -0.263873 -0.931785 -0.249293
outer loop
vertex -0.420000 -0.700000 -0.420000
vertex -0.553899 -0.626257 -0.553899
vertex -0.420000 -0.662593 -0.559816
endloop
endfacet
facet normal -0.690135 -0.690135 -0.217777
outer loop
vertex -0.559816 -0.662593 -0.420000
vertex -0.662593 -0.559816 -0.420000
vertex -0.626257 -0.553899 -0.553899
endloop
endfacet
facet normal -0.690135 -0.690136 -0.217778
outer loop
vertex -0.559816 -0.662593 -0.420000
vertex -0.626257 -0.553899 -0.553899
vertex -0.553899 -0.626257 -0.553899
endloop
endfacet
facet normal -0.931785 -0.263873 -0.249293
outer loop
vertex -0.700000 -0.420000 -0.420000
vertex -0.662593 -0.420000 -0.559816
vertex -0.626257 -0.553899 -0.553899
endloop
endfacet
facet normal -0.931785 -0.249293 -0.263873
outer loop
vertex -0.700000 -0.420000 -0.420000
vertex -0.626257 -0.553899 -0.553899
vertex -0.662593 -0.559816 -0.420000
endloop
endfacet
facet normal -0.690135 -0.217778 -0.690135
outer loop
vertex -0.662593 -0.420000 -0.559816
vertex -0.559816 -0.420000 -0.662593
vertex -0.553899 -0.553899 -0.626257
endloop
endfacet
facet normal -0.690135 -0.217777 -0.690136
outer loop
vertex -0.662593 -0.420000 -0.559816
vertex -0.553899 -0.553899 -0.626257
vertex -0.626257 -0.553899 -0.553899
endloop
endfacet
facet normal -0.577350 -0.577350 -0.577350
outer loop
vertex -0.553899 -0.553899 -0.626257
vertex -0.553899 -0.626257 -0.553899
vertex -0.626257 -0.553899 -0.553899
endloop
endfacet
facet normal -0.263873 -0.931785 0.249293
outer loop
vertex -0.420000 -0.700000 0.420000
vertex -0.420000 -0.662593 0.559816
vertex -0.553899 -0.626257 0.553899
endloop
endfacet
facet normal -0.249293 -0.931786 0.263872
outer loop
vertex -0.420000 -0.700000 0.420000
vertex -0.553899 -0.626257 0.553899
vertex -0.559816 -0.662593 0.420000
endloop
endfacet
facet normal -0.217778 -0.690135 0.690135
outer loop
vertex -0.420000 -0.662593 0.559816
vertex -0.420000 -0.559816 0.662593
vertex -0.553899 -0.553899 0.626257
endloop
endfacet
facet normal -0.217778 -0.690135 0.690135
outer loop
vertex -0.420000 -0.662593 0.559816
vertex -0.553899 -0.553899 0.626257
vertex -0.553899 -0.626257 0.553899
endloop
endfacet
facet normal -0.249293 -0.263873 0.931786
outer loop
vertex -0.420000 -0.420000 0.700000
vertex -0.559816 -0.420000 0.662593
vertex -0.553899 -0.553899 0.626257
endloop
endfacet
facet normal -0.263873 -0.249293 0.931785
outer loop
vertex -0.420000 -0.420000 0.700000
vertex -0.553899 -0.553899 0.626257
vertex -0.420000 -0.559816 0.662593
endloop
endfacet
facet normal -0.690135 -0.217778 0.690135
outer loop
vertex -0.559816 -0.420000 0.662593
vertex -0.662593 -0.420000 0.559816
vertex -0.626257 -0.553899 0.553899
endloop
endfacet
facet normal -0.690134 -0.217778 0.690136
outer loop
vertex -0.559816 -0.420000 0.662593
vertex -0.626257 -0.553899 0.553899
vertex -0.553899 -0.553899 0.626257
endloop
endfacet
facet normal -0.931785 -0.249293 0.263873
outer loop
vertex -0.700000 -0.420000 0.420000
vertex -0.662593 -0.559816 0.420000
vertex -0.626257 -0.553899 0.553899
endloop
endfacet
facet normal -0.931785 -0.263873 0.249293
outer loop
vertex -0.700000 -0.420000 0.420000
vertex -0.626257 -0.553899 0.553899
vertex -0.662593 -0.420000 0.559816
endloop
endfacet
facet normal -0.690135 -0.690135 0.217778
outer loop
vertex -0.662593 -0.559816 0.420000
vertex -0.559816 -0.662593 0.420000
vertex -0.553899 -0.626257 0.553899
endloop
endfacet
facet normal -0.690135 -0.690135 0.217777
outer loop
vertex -0.662593 -0.559816 0.420000
vertex -0.553899 -0.626257 0.553899
vertex -0.626257 -0.553899 0.553899
endloop
endfacet
facet normal -0.577350 -0.577350 0.577351
outer loop
vertex -0.553899 -0.626257 0.553899
vertex -0.553899 -0.553899 0.626257
vertex -0.626257 -0.553899 0.553899
endloop
endfacet
facet normal -0.249293 0.263873 -0.931786
outer loop
vertex -0.420000 0.420000 -0.700000
vertex -0.559816 0.420000 -0.662593
vertex -0.553899 0.553899 -0.626257
endloop
endfacet
facet normal -0.263873 0.249293 -0.931785
outer loop
vertex -0.420000 0.420000 -0.700000
vertex -0.553899 0.553899 -0.626257
vertex -0.420000 0.559816 -0.662593
endloop
endfacet
facet normal -0.690135 0.217778 -0.690135
outer loop
vertex -0.559816 0.420000 -0.662593
vertex -0.662593 0.420000 -0.559816
vertex -0.626257 0.553899 -0.553899
endloop
endfacet
facet normal -0.690134 0.217778 -0.690136
outer loop
vertex -0.559816 0.420000 -0.662593
vertex -0.626257 0.553899 -0.553899
vertex -0.553899 0.553899 -0.626257
endloop
endfacet
facet normal -0.931785 0.249293 -0.263873
outer loop
vertex -0.700000 0.420000 -0.420000
vertex -0.662593 0.559816 -0.420000
vertex -0.626257 0.553899 -0.553899
endloop
endfacet
facet normal -0.931785 0.263873 -0.249293
outer loop
vertex -0.700000 0.420000 -0.420000
vertex -0.626257 0.553899 -0.553899
vertex -0.662593 0.420000 -0.559816
endloop
endfacet
facet normal -0.690135 0.690135 -0.217778
outer loop
vertex -0.662593 0.559816 -0.420000
vertex -0.559816 0.662593 -0.420000
vertex -0.553899 0.626257 -0.553899
endloop
endfacet
facet normal -0.690136 0.690135 -0.217778
outer loop
vertex -0.662593 0.559816 -0.420000
vertex -0.553899 0.626257 -0.553899
vertex -0.626257 0.553899 -0.553899
endloop
endfacet
facet normal -0.263873 0.931785 -0.249293
outer loop
vertex -0.420000 0.700000 -0.420000
vertex -0.420000 0.662593 -0.559816
vertex -0.553899 0.626257 -0.553899
endloop
endfacet
facet normal -0.249293 0.931786 -0.263872
outer loop
vertex -0.420000 0.700000 -0.420000
vertex -0.553899 0.626257 -0.553899
vertex -0.559816 0.662593 -0.420000
endloop
endfacet
facet normal -0.217778 0.690135 -0.690135
outer loop
vertex -0.420000 0.662593 -0.559816
vertex -0.420000 0.559816 -0.662593
vertex -0.553899 0.553899 -0.626257
endloop
endfacet
facet normal -0.217777 0.690135 -0.690135
outer loop
vertex -0.420000 0.662593 -0.559816
vertex -0.553899 0.553899 -0.626257
vertex -0.553899 0.626257 -0.553899
endloop
endfacet
facet normal -0.577351 0.577350 -0.577350
outer loop
vertex -0.553899 0.553899 -0.626257
vertex -0.626257 0.553899 -0.553899
vertex -0.553899 0.626257 -0.553899
endloop
endfacet
facet normal -0.263873 0.249293 0.931785
outer loop
vertex -0.420000 0.420000 0.700000
vertex -0.420000 0.559816 0.662593
vertex -0.553899 0.553899 0.626257
endloop
endfacet
facet normal -0.249293 0.263873 0.931785
outer loop
vertex -0.420000 0.420000 0.700000
vertex -0.553899 0.553899 0.626257
vertex -0.559816 0.420000 0.662593
endloop
endfacet
facet normal -0.217777 0.690135 0.690135
outer loop
vertex -0.420000 0.559816 0.662593
vertex -0.420000 0.662593 0.559816
vertex -0.553899 0.626257 0.553899
endloop
endfacet
facet normal -0.217778 0.690135 0.690135
outer loop
vertex -0.420000 0.559816 0.662593
vertex -0.553899 0.626257 0.553899
vertex -0.553899 0.553899 0.626257
endloop
endfacet
facet normal -0.249293 0.931786 0.263872
outer loop
vertex -0.420000 0.700000 0.420000
vertex -0.559816 0.662593 0.420000
vertex -0.553899 0.626257 0.553899
endloop
endfacet
facet normal -0.263873 0.931785 0.249293
outer loop
vertex -0.420000 0.700000 0.420000
vertex -0.553899 0.626257 0.553899
vertex -0.420000 0.662593 0.559816
endloop
endfacet
facet normal -0.690135 0.690135 0.217777
outer loop
vertex -0.559816 0.662593 0.420000
vertex -0.662593 0.559816 0.420000
vertex -0.626257 0.553899 0.553899
endloop
endfacet
facet normal -0.690135 0.690136 0.217778
outer loop
vertex -0.559816 0.662593 0.420000
vertex -0.626257 0.553899 0.553899
vertex -0.553899 0.626257 0.553899
endloop
endfacet
facet normal -0.931785 0.263873 0.249293
outer loop
vertex -0.700000 0.420000 0.420000
vertex -0.662593 0.420000 0.559816
vertex -0.626257 0.553899 0.553899
endloop
endfacet
facet normal -0.931785 0.249293 0.263873
outer loop
vertex -0.700000 0.420000 0.420000
vertex -0.626257 0.553899 0.553899
vertex -0.662593 0.559816 0.420000
endloop
endfacet
facet normal -0.690135 0.217778 0.690135
outer loop
vertex -0.662593 0.420000 0.559816
vertex -0.559816 0.420000 0.662593
vertex -0.553899 0.553899 0.626257
endloop
endfacet
facet normal -0.690135 0.217777 0.690136
outer loop
vertex -0.662593 0.420000 0.559816
vertex -0.553899 0.553899 0.626257
vertex -0.626257 0.553899 0.553899
endloop
endfacet
facet normal -0.577350 0.577350 0.577350
outer loop
vertex -0.553899 0.553899 0.626257
vertex -0.553899 0.626257 0.553899
vertex -0.626257 0.553899 0.553899
endloop
endfacet
facet normal 0.249293 -0.263873 -0.931786
outer loop
vertex 0.420000 -0.420000 -0.700000
vertex 0.559816 -0.420000 -0.662593
vertex 0.553899 -0.553899 -0.626257
endloop
endfacet
facet normal 0.263873 -0.249293 -0.931785
outer loop
vertex 0.420000 -0.420000 -0.700000
vertex 0.553899 -0.553899 -0.626257
vertex 0.420000 -0.559816 -0.662593
endloop
endfacet
facet normal 0.690135 -0.217778 -0.690135
outer loop
vertex 0.559816 -0.420000 -0.662593
vertex 0.662593 -0.420000 -0.559816
vertex 0.626257 -0.553899 -0.553899
endloop
endfacet
facet normal 0.690134 -0.217778 -0.690136
outer loop
vertex 0.559816 -0.420000 -0.662593
vertex 0.626257 -0.553899 -0.553899
vertex 0.553899 -0.553899 -0.626257
endloop
endfacet
facet normal 0.931785 -0.249293 -0.263873
outer loop
vertex 0.700000 -0.420000 -0.420000
vertex 0.662593 -0.559816 -0.420000
vertex 0.626257 -0.553899 -0.553899
endloop
endfacet
facet normal 0.931785 -0.263873 -0.249293
outer loop
vertex 0.700000 -0.420000 -0.420000
vertex 0.626257 -0.553899 -0.553899
vertex 0.662593 -0.420000 -0.559816
endloop
endfacet
facet normal 0.690135 -0.690135 -0.217778
outer loop
vertex 0.662593 -0.559816 -0.420000
vertex 0.559816 -0.662593 -0.420000
vertex 0.553899 -0.626257 -0.553899
endloop
endfacet
facet normal 0.690136 -0.690135 -0.217778
outer loop
vertex 0.662593 -0.559816 -0.420000
vertex 0.553899 -0.626257 -0.553899
vertex 0.626257 -0.553899 -0.553899
endloop
endfacet
facet normal 0.263873 -0.931785 -0.249293
outer loop
vertex 0.420000 -0.700000 -0.420000
vertex 0.420000 -0.662593 -0.559816
vertex 0.553899 -0.626257 -0.553899
endloop
endfacet
facet normal 0.249293 -0.931786 -0.263872
outer loop
vertex 0.420000 -0.700000 -0.420000
vertex 0.553899 -0.626257 -0.553899
vertex 0.559816 -0.662593 -0.420000
endloop
endfacet
facet normal 0.217778 -0.690135 -0.690135
outer loop
vertex 0.420000 -0.662593 -0.559816
vertex 0.420000 -0.559816 -0.662593
vertex 0.553899 -0.553899 -0.626257
endloop
endfacet
facet normal 0.217777 -0.690135 -0.690135
outer loop
vertex 0.420000 -0.662593 -0.559816
vertex 0.553899 -0.553899 -0.626257
vertex 0.553899 -0.626257 -0.553899
endloop
endfacet
facet normal 0.577351 -0.577350 -0.577350
outer loop
vertex 0.553899 -0.553899 -0.626257
vertex 0.626257 -0.553899 -0.553899
vertex 0.553899 -0.626257 -0.553899
endloop
endfacet
facet normal 0.263873 -0.249293 0.931785
outer loop
vertex 0.420000 -0.420000 0.700000
vertex 0.420000 -0.559816 0.662593
vertex 0.553899 -0.553899 0.626257
endloop
endfacet
facet normal 0.249293 -0.263873 0.931785
outer loop
vertex 0.420000 -0.420000 0.700000
vertex 0.553899 -0.553899 0.626257
vertex 0.559816 -0.420000 0.662593
endloop
endfacet
facet normal 0.217777 -0.690135 0.690135
outer loop
vertex 0.420000 -0.559816 0.662593
vertex 0.420000 -0.662593 0.559816
vertex 0.553899 -0.626257 0.553899
endloop
endfacet
facet normal 0.217778 -0.690135 0.690135
outer loop
vertex 0.420000 -0.559816 0.662593
vertex 0.553899 -0.626257 0.553899
vertex 0.553899 -0.553899 0.626257
endloop
endfacet
facet normal 0.249293 -0.931786 0.263872
outer loop
vertex 0.420000 -0.700000 0.420000
vertex 0.559816 -0.662593 0.420000
vertex 0.553899 -0.626257 0.553899
endloop
endfacet
facet normal 0.263873 -0.931785 0.249293
outer loop
vertex 0.420000 -0.700000 0.420000
vertex 0.553899 -0.626257 0.553899
vertex 0.420000 -0.662593 0.559816
endloop
endfacet
facet normal 0.690135 -0.690135 0.217777
outer loop
vertex 0.559816 -0.662593 0.420000
vertex 0.662593 -0.559816 0.420000
vertex 0.626257 -0.553899 0.553899
endloop
endfacet
facet normal 0.690135 -0.690136 0.217778
outer loop
vertex 0.559816 -0.662593 0.420000
vertex 0.626257 -0.553899 0.553899
vertex 0.553899 -0.626257 0.553899
endloop
endfacet
facet normal 0.931785 -0.263873 0.249293
outer loop
vertex 0.700000 -0.420000 0.420000
vertex 0.662593 -0.420000 0.559816
vertex 0.626257 -0.553899 0.553899
endloop
endfacet
facet normal 0.931785 -0.249293 0.263873
outer loop
vertex 0.700000 -0.420000 0.420000
vertex 0.626257 -0.553899 0.553899
vertex 0.662593 -0.559816 0.420000
endloop
endfacet
facet normal 0.690135 -0.217778 0.690135
outer loop
vertex 0.662593 -0.420000 0.559816
vertex 0.559816 -0.420000 0.662593
vertex 0.553899 -0.553899 0.626257
endloop
endfacet
facet normal 0.690135 -0.217777 0.690136
outer loop
vertex 0.662593 -0.420000 0.559816
vertex 0.553899 -0.553899 0.626257
vertex 0.626257 -0.553899 0.553899
endloop
endfacet
facet normal 0.577350 -0.577350 0.577350
outer loop
vertex 0.553899 -0.553899 0.626257
vertex 0.553899 -0.626257 0.553899
vertex 0.626257 -0.553899 0.553899
endloop
endfacet
facet normal 0.263873 0.249293 -0.931785
outer loop
vertex 0.420000 0.420000 -0.700000
vertex 0.420000 0.559816 -0.662593
vertex 0.553899 0.553899 -0.626257
endloop
endfacet
facet normal 0.249293 0.263873 -0.931785
outer loop
vertex 0.420000 0.420000 -0.700000
vertex 0.553899 0.553899 -0.626257
vertex 0.559816 0.420000 -0.662593
endloop
endfacet
facet normal 0.217777 0.690135 -0.690135
outer loop
vertex 0.420000 0.559816 -0.662593
vertex 0.420000 0.662593 -0.559816
vertex 0.553899 0.626257 -0.553899
endloop
endfacet
facet normal 0.217778 0.690135 -0.690135
outer loop
vertex 0.420000 0.559816 -0.662593
vertex 0.553899 0.626257 -0.553899
vertex 0.553899 0.553899 -0.626257
endloop
endfacet
facet normal 0.249293 0.931786 -0.263872
outer loop
vertex 0.420000 0.700000 -0.420000
vertex 0.559816 0.662593 -0.420000
vertex 0.553899 0.626257 -0.553899
endloop
endfacet
facet normal 0.263873 0.931785 -0.249293
outer loop
vertex 0.420000 0.700000 -0.420000
vertex 0.553899 0.626257 -0.553899
vertex 0.420000 0.662593 -0.559816
endloop
endfacet
facet normal 0.690135 0.690135 -0.217777
outer loop
vertex 0.559816 0.662593 -0.420000
vertex 0.662593 0.559816 -0.420000
vertex 0.626257 0.553899 -0.553899
endloop
endfacet
facet normal 0.690135 0.690136 -0.217778
outer loop
vertex 0.559816 0.662593 -0.420000
vertex 0.626257 0.553899 -0.553899
vertex 0.553899 0.626257 -0.553899
endloop
endfacet
facet normal 0.931785 0.263873 -0.249293
outer loop
vertex 0.700000 0.420000 -0.420000
vertex 0.662593 0.420000 -0.559816
vertex 0.626257 0.553899 -0.553899
endloop
endfacet
facet normal 0.931785 0.249293 -0.263873
outer loop
vertex 0.700000 0.420000 -0.420000
vertex 0.626257 0.553899 -0.553899
vertex 0.662593 0.559816 -0.420000
endloop
endfacet
facet normal 0.690135 0.217778 -0.690135
outer loop
vertex 0.662593 0.420000 -0.559816
vertex 0.559816 0.420000 -0.662593
vertex 0.553899 0.553899 -0.626257
endloop
endfacet
facet normal 0.690135 0.217777 -0.690136
outer loop
vertex 0.662593 0.420000 -0.559816
vertex 0.553899 0.553899 -0.626257
vertex 0.626257 0.553899 -0.553899
endloop
endfacet
facet normal 0.577350 0.577350 -0.577350
outer loop
vertex 0.553899 0.553899 -0.626257
vertex 0.553899 0.626257 -0.553899
vertex 0.626257 0.553899 -0.553899
endloop
endfacet
facet normal 0.249293 0.263873 0.931786
outer loop
vertex 0.420000 0.420000 0.700000
vertex 0.559816 0.420000 0.662593
vertex 0.553899 0.553899 0.626257
endloop
endfacet
facet normal 0.263873 0.249293 0.931785
outer loop
vertex 0.420000 0.420000 0.700000
vertex 0.553899 0.553899 0.626257
vertex 0.420000 0.559816 0.662593
endloop
endfacet
facet normal 0.690135 0.217778 0.690135
outer loop
vertex 0.559816 0.420000 0.662593
vertex 0.662593 0.420000 0.559816
vertex 0.626257 0.553899 0.553899
endloop
endfacet
facet normal 0.690134 0.217778 0.690136
outer loop
vertex 0.559816 0.420000 0.662593
vertex 0.626257 0.553899 0.553899
vertex 0.553899 0.553899 0.626257
endloop
endfacet
facet normal 0.931785 0.249293 0.263873
outer loop
vertex 0.700000 0.420000 0.420000
vertex 0.662593 0.559816 0.420000
vertex 0.626257 0.553899 0.553899
endloop
endfacet
facet normal 0.931785 0.263873 0.249293
outer loop
vertex 0.700000 0.420000 0.420000
vertex 0.626257 0.553899 0.553899
vertex 0.662593 0.420000 0.559816
endloop
endfacet
facet normal 0.690135 0.690135 0.217778
outer loop
vertex 0.662593 0.559816 0.420000
vertex 0.559816 0.662593 0.420000
vertex 0.553899 0.626257 0.553899
endloop
endfacet
facet normal 0.690136 0.690135 0.217778
outer loop
vertex 0.662593 0.559816 0.420000
vertex 0.553899 0.626257 0.553899
vertex 0.626257 0.553899 0.553899
endloop
endfacet
facet normal 0.263873 0.931785 0.249293
outer loop
vertex 0.420000 0.700000 0.420000
vertex 0.420000 0.662593 0.559816
vertex 0.553899 0.626257 0.553899
endloop
endfacet
facet normal 0.249293 0.931786 0.263872
outer loop
vertex 0.420000 0.700000 0.420000
vertex 0.553899 0.626257 0.553899
vertex 0.559816 0.662593 0.420000
endloop
endfacet
facet normal 0.217778 0.690135 0.690135
outer loop
vertex 0.420000 0.662593 0.559816
vertex 0.420000 0.559816 0.662593
vertex 0.553899 0.553899 0.626257
endloop
endfacet
facet normal 0.217777 0.690135 0.690135
outer loop
vertex 0.420000 0.662593 0.559816
vertex 0.553899 0.553899 0.626257
vertex 0.553899 0.626257 0.553899
endloop
endfacet
facet normal 0.577351 0.577350 0.577350
outer loop
vertex 0.553899 0.553899 0.626257
vertex 0.626257 0.553899 0.553899
vertex 0.553899 0.626257 0.553899
endloop
endfacet
facet normal -0.258453 0.000000 -0.966024
outer loop
vertex -0.420000 0.420000 -0.700000
vertex -0.420000 -0.420000 -0.700000
vertex -0.559816 -0.420000 -0.662593
endloop
endfacet
facet normal -0.258453 0.000000 -0.966024
outer loop
vertex -0.420000 0.420000 -0.700000
vertex -0.559816 -0.420000 -0.662593
vertex -0.559816 0.420000 -0.662593
endloop
endfacet
facet normal -0.707107 0.000000 -0.707107
outer loop
vertex -0.559816 0.420000 -0.662593
vertex -0.559816 -0.420000 -0.662593
vertex -0.662593 -0.420000 -0.559816
endloop
endfacet
facet normal -0.707106 0.000000 -0.707107
outer loop
vertex -0.559816 0.420000 -0.662593
vertex -0.662593 -0.420000 -0.559816
vertex -0.662593 0.420000 -0.559816
endloop
endfacet
facet normal -0.966024 0.000000 -0.258453
outer loop
vertex -0.662593 0.420000 -0.559816
vertex -0.662593 -0.420000 -0.559816
vertex -0.700000 -0.420000 -0.420000
endloop
endfacet
facet normal -0.966024 0.000000 -0.258453
outer loop
vertex -0.662593 0.420000 -0.559816
vertex -0.700000 -0.420000 -0.420000
vertex -0.700000 0.420000 -0.420000
endloop
endfacet
facet normal -0.258453 -0.966024 0.000000
outer loop
vertex -0.420000 -0.700000 -0.420000
vertex -0.420000 -0.700000 0.420000
vertex -0.559816 -0.662593 0.420000
endloop
endfacet
facet normal -0.258453 -0.966024 0.000000
outer loop
vertex -0.420000 -0.700000 -0.420000
vertex -0.559816 -0.662593 0.420000
vertex -0.559816 -0.662593 -0.420000
endloop
endfacet
facet normal -0.707106 -0.707107 0.000000
outer loop
vertex -0.559816 -0.662593 -0.420000
vertex -0.559816 -0.662593 0.420000
vertex -0.662593 -0.559816 0.420000
endloop
endfacet
facet normal -0.707107 -0.707107 0.000000
outer loop
vertex -0.559816 -0.662593 -0.420000
vertex -0.662593 -0.559816 0.420000
vertex -0.662593 -0.559816 -0.420000
endloop
endfacet
facet normal -0.966024 -0.258453 0.000000
outer loop
vertex -0.662593 -0.559816 -0.420000
vertex -0.662593 -0.559816 0.420000
vertex -0.700000 -0.420000 0.420000
endloop
endfacet
facet normal -0.966024 -0.258454 0.000000
outer loop
vertex -0.662593 -0.559816 -0.420000
vertex -0.700000 -0.420000 0.420000
vertex -0.700000 -0.420000 -0.420000
endloop
endfacet
facet normal -0.258453 0.000000 0.966024
outer loop
vertex -0.420000 -0.420000 0.700000
vertex -0.420000 0.420000 0.700000
vertex -0.559816 0.420000 0.662593
endloop
endfacet
facet normal -0.258453 0.000000 0.966024
outer loop
vertex -0.420000 -0.420000 0.700000
vertex -0.559816 0.420000 0.662593
vertex -0.559816 -0.420000 0.662593
endloop
endfacet
facet normal -0.707107 0.000000 0.707107
outer loop
vertex -0.559816 -0.420000 0.662593
vertex -0.559816 0.420000 0.662593
vertex -0.662593 0.420000 0.559816
endloop
endfacet
facet normal -0.707106 0.000000 0.707107
outer loop
vertex -0.559816 -0.420000 0.662593
vertex -0.662593 0.420000 0.559816
vertex -0.662593 -0.420000 0.559816
endloop
endfacet
facet normal -0.966024 0.000000 0.258453
outer loop
vertex -0.662593 -0.420000 0.559816
vertex -0.662593 0.420000 0.559816
vertex -0.700000 0.420000 0.420000
endloop
endfacet
facet normal -0.966024 0.000000 0.258453
outer loop
vertex -0.662593 -0.420000 0.559816
vertex -0.700000 0.420000 0.420000
vertex -0.700000 -0.420000 0.420000
endloop
endfacet
facet normal -0.258453 0.966024 0.000000
outer loop
vertex -0.420000 0.700000 0.420000
vertex -0.420000 0.700000 -0.420000
vertex -0.559816 0.662593 -0.420000
endloop
endfacet
facet normal -0.258453 0.966024 0.000000
outer loop
vertex -0.420000 0.700000 0.420000
vertex -0.559816 0.662593 -0.420000
vertex -0.559816 0.662593 0.420000
endloop
endfacet
facet normal -0.707106 0.707107 0.000000
outer loop
vertex -0.559816 0.662593 0.420000
vertex -0.559816 0.662593 -0.420000
vertex -0.662593 0.559816 -0.420000
endloop
endfacet
facet normal -0.707107 0.707107 0.000000
outer loop
vertex -0.559816 0.662593 0.420000
vertex -0.662593 0.559816 -0.420000
vertex -0.662593 0.559816 0.420000
endloop
endfacet
facet normal -0.966024 0.258453 0.000000
outer loop
vertex -0.662593 0.559816 0.420000
vertex -0.662593 0.559816 -0.420000
vertex -0.700000 0.420000 -0.420000
endloop
endfacet
facet normal -0.966024 0.258454 0.000000
outer loop
vertex -0.662593 0.559816 0.420000
vertex -0.700000 0.420000 -0.420000
vertex -0.700000 0.420000 0.420000
endloop
endfacet
facet normal 0.000000 0.258453 -0.966024
outer loop
vertex 0.420000 0.420000 -0.700000
vertex -0.420000 0.420000 -0.700000
vertex -0.420000 0.559816 -0.662593
endloop
endfacet
facet normal 0.000000 0.258453 -0.966024
outer loop
vertex 0.420000 0.420000 -0.700000
vertex -0.420000 0.559816 -0.662593
vertex 0.420000 0.559816 -0.662593
endloop
endfacet
facet normal 0.000000 0.707107 -0.707107
outer loop
vertex 0.420000 0.559816 -0.662593
vertex -0.420000 0.559816 -0.662593
vertex -0.420000 0.662593 -0.559816
endloop
endfacet
facet normal 0.000000 0.707107 -0.707107
outer loop
vertex 0.420000 0.559816 -0.662593
vertex -0.420000 0.662593 -0.559816
vertex 0.420000 0.662593 -0.559816
endloop
endfacet
facet normal 0.000000 0.966024 -0.258453
outer loop
vertex 0.420000 0.662593 -0.559816
vertex -0.420000 0.662593 -0.559816
vertex -0.420000 0.700000 -0.420000
endloop
endfacet
facet normal 0.000000 0.966024 -0.258453
outer loop
vertex 0.420000 0.662593 -0.559816
vertex -0.420000 0.700000 -0.420000
vertex 0.420000 0.700000 -0.420000
endloop
endfacet
facet normal 0.000000 0.258453 0.966024
outer loop
vertex -0.420000 0.420000 0.700000
vertex 0.420000 0.420000 0.700000
vertex 0.420000 0.559816 0.662593
endloop
endfacet
facet normal 0.000000 0.258453 0.966024
outer loop
vertex -0.420000 0.420000 0.700000
vertex 0.420000 0.559816 0.662593
vertex -0.420000 0.559816 0.662593
endloop
endfacet
facet normal 0.000000 0.707107 0.707107
outer loop
vertex -0.420000 0.559816 0.662593
vertex 0.420000 0.559816 0.662593
vertex 0.420000 0.662593 0.559816
endloop
endfacet
facet normal 0.000000 0.707107 0.707107
outer loop
vertex -0.420000 0.559816 0.662593
vertex 0.420000 0.662593 0.559816
vertex -0.420000 0.662593 0.559816
endloop
endfacet
facet normal 0.000000 0.966024 0.258453
outer loop
vertex -0.420000 0.662593 0.559816
vertex 0.420000 0.662593 0.559816
vertex 0.420000 0.700000 0.420000
endloop
endfacet
facet normal 0.000000 0.966024 0.258453
outer loop
vertex -0.420000 0.662593 0.559816
vertex 0.420000 0.700000 0.420000
vertex -0.420000 0.700000 0.420000
endloop
endfacet
facet normal 0.966024 0.258454 0.000000
outer loop
vertex 0.700000 0.420000 0.420000
vertex 0.700000 0.420000 -0.420000
vertex 0.662593 0.559816 -0.420000
endloop
endfacet
facet normal 0.966024 0.258453 0.000000
outer loop
vertex 0.700000 0.420000 0.420000
vertex 0.662593 0.559816 -0.420000
vertex 0.662593 0.559816 0.420000
endloop
endfacet
facet normal 0.707107 0.707107 0.000000
outer loop
vertex 0.662593 0.559816 0.420000
vertex 0.662593 0.559816 -0.420000
vertex 0.559816 0.662593 -0.420000
endloop
endfacet
facet normal 0.707106 0.707107 0.000000
outer loop
vertex 0.662593 0.559816 0.420000
vertex 0.559816 0.662593 -0.420000
vertex 0.559816 0.662593 0.420000
endloop
endfacet
facet normal 0.258453 0.966024 0.000000
outer loop
vertex 0.559816 0.662593 0.420000
vertex 0.559816 0.662593 -0.420000
vertex 0.420000 0.700000 -0.420000
endloop
endfacet
facet normal 0.258453 0.966024 0.000000
outer loop
vertex 0.559816 0.662593 0.420000
vertex 0.420000 0.700000 -0.420000
vertex 0.420000 0.700000 0.420000
endloop
endfacet
facet normal 0.258453 0.000000 -0.966024
outer loop
vertex 0.420000 -0.420000 -0.700000
vertex 0.420000 0.420000 -0.700000
vertex 0.559816 0.420000 -0.662593
endloop
endfacet
facet normal 0.258453 0.000000 -0.966024
outer loop
vertex 0.420000 -0.420000 -0.700000
vertex 0.559816 0.420000 -0.662593
vertex 0.559816 -0.420000 -0.662593
endloop
endfacet
facet normal 0.707107 0.000000 -0.707107
outer loop
vertex 0.559816 -0.420000 -0.662593
vertex 0.559816 0.420000 -0.662593
vertex 0.662593 0.420000 -0.559816
endloop
endfacet
facet normal 0.707106 0.000000 -0.707107
outer loop
vertex 0.559816 -0.420000 -0.662593
vertex 0.662593 0.420000 -0.559816
vertex 0.662593 -0.420000 -0.559816
endloop
endfacet
facet normal 0.966024 0.000000 -0.258453
outer loop
vertex 0.662593 -0.420000 -0.559816
vertex 0.662593 0.420000 -0.559816
vertex 0.700000 0.420000 -0.420000
endloop
endfacet
facet normal 0.966024 0.000000 -0.258453
outer loop
vertex 0.662593 -0.420000 -0.559816
vertex 0.700000 0.420000 -0.420000
vertex 0.700000 -0.420000 -0.420000
endloop
endfacet
facet normal 0.258453 0.000000 0.966024
outer loop
vertex 0.420000 0.420000 0.700000
vertex 0.420000 -0.420000 0.700000
vertex 0.559816 -0.420000 0.662593
endloop
endfacet
facet normal 0.258453 0.000000 0.966024
outer loop
vertex 0.420000 0.420000 0.700000
vertex 0.559816 -0.420000 0.662593
vertex 0.559816 0.420000 0.662593
endloop
endfacet
facet normal 0.707107 0.000000 0.707107
outer loop
vertex 0.559816 0.420000 0.662593
vertex 0.559816 -0.420000 0.662593
vertex 0.662593 -0.420000 0.559816
endloop
endfacet
facet normal 0.707106 0.000000 0.707107
outer loop
vertex 0.559816 0.420000 0.662593
vertex 0.662593 -0.420000 0.559816
vertex 0.662593 0.420000 0.559816
endloop
endfacet
facet normal 0.966024 0.000000 0.258453
outer loop
vertex 0.662593 0.420000 0.559816
vertex 0.662593 -0.420000 0.559816
vertex 0.700000 -0.420000 0.420000
endloop
endfacet
facet normal 0.966024 0.000000 0.258453
outer loop
vertex 0.662593 0.420000 0.559816
vertex 0.700000 -0.420000 0.420000
vertex 0.700000 0.420000 0.420000
endloop
endfacet
facet normal 0.258453 -0.966024 0.000000
outer loop
vertex 0.420000 -0.700000 0.420000
vertex 0.420000 -0.700000 -0.420000
vertex 0.559816 -0.662593 -0.420000
endloop
endfacet
facet normal 0.258453 -0.966024 0.000000
outer loop
vertex 0.420000 -0.700000 0.420000
vertex 0.559816 -0.662593 -0.420000
vertex 0.559816 -0.662593 0.420000
endloop
endfacet
facet normal 0.707106 -0.707107 0.000000
outer loop
vertex 0.559816 -0.662593 0.420000
vertex 0.559816 -0.662593 -0.420000
vertex 0.662593 -0.559816 -0.420000
endloop
endfacet
facet normal 0.707107 -0.707107 0.000000
outer loop
vertex 0.559816 -0.662593 0.420000
vertex 0.662593 -0.559816 -0.420000
vertex 0.662593 -0.559816 0.420000
endloop
endfacet
facet normal 0.966024 -0.258453 0.000000
outer loop
vertex 0.662593 -0.559816 0.420000
vertex 0.662593 -0.559816 -0.420000
vertex 0.700000 -0.420000 -0.420000
endloop
endfacet
facet normal 0.966024 -0.258454 0.000000
outer loop
vertex 0.662593 -0.559816 0.420000
vertex 0.700000 -0.420000 -0.420000
vertex 0.700000 -0.420000 0.420000
endloop
endfacet
facet normal 0.000000 -0.258453 -0.966024
outer loop
vertex -0.420000 -0.420000 -0.700000
vertex 0.420000 -0.420000 -0.700000
vertex 0.420000 -0.559816 -0.662593
endloop
endfacet
facet normal 0.000000 -0.258453 -0.966024
outer loop
vertex -0.420000 -0.420000 -0.700000
vertex 0.420000 -0.559816 -0.662593
vertex -0.420000 -0.559816 -0.662593
endloop
endfacet
facet normal 0.000000 -0.707107 -0.707107
outer loop
vertex -0.420000 -0.559816 -0.662593
vertex 0.420000 -0.559816 -0.662593
vertex 0.420000 -0.662593 -0.559816
endloop
endfacet
facet normal 0.000000 -0.707107 -0.707107
outer loop
vertex -0.420000 -0.559816 -0.662593
vertex 0.420000 -0.662593 -0.559816
vertex -0.420000 -0.662593 -0.559816
endloop
endfacet
facet normal 0.000000 -0.966024 -0.258453
outer loop
vertex -0.420000 -0.662593 -0.559816
vertex 0.420000 -0.662593 -0.559816
vertex 0.420000 -0.700000 -0.420000
endloop
endfacet
facet normal 0.000000 -0.966024 -0.258453
outer loop
vertex -0.420000 -0.662593 -0.559816
vertex 0.420000 -0.700000 -0.420000
vertex -0.420000 -0.700000 -0.420000
endloop
endfacet
facet normal 0.000000 -0.258453 0.966024
outer loop
vertex 0.420000 -0.420000 0.700000
vertex -0.420000 -0.420000 0.700000
vertex -0.420000 -0.559816 0.662593
endloop
endfacet
facet normal 0.000000 -0.258453 0.966024
outer loop
vertex 0.420000 -0.420000 0.700000
vertex -0.420000 -0.559816 0.662593
vertex 0.420000 -0.559816 0.662593
endloop
endfacet
facet normal 0.000000 -0.707107 0.707107
outer loop
vertex 0.420000 -0.559816 0.662593
vertex -0.420000 -0.559816 0.662593
vertex -0.420000 -0.662593 0.559816
endloop
endfacet
facet normal 0.000000 -0.707107 0.707107
outer loop
vertex 0.420000 -0.559816 0.662593
vertex -0.420000 -0.662593 0.559816
vertex 0.420000 -0.662593 0.559816
endloop
endfacet
facet normal 0.000000 -0.966024 0.258453
outer loop
vertex 0.420000 -0.662593 0.559816
vertex -0.420000 -0.662593 0.559816
vertex -0.420000 -0.700000 0.420000
endloop
endfacet
facet normal 0.000000 -0.966024 0.258453
outer loop
vertex 0.420000 -0.662593 0.559816
vertex -0.420000 -0.700000 0.420000
vertex 0.420000 -0.700000 0.420000
endloop
endfacet
facet normal 0.000000 0.000000 -1.000000
outer loop
vertex -0.420000 0.420000 -0.700000
vertex 0.420000 0.420000 -0.700000
vertex 0.420000 -0.420000 -0.700000
endloop
endfacet
facet normal 0.000000 0.000000 -1.000000
outer loop
vertex -0.420000 0.420000 -0.700000
vertex 0.420000 -0.420000 -0.700000
vertex -0.420000 -0.420000 -0.700000
endloop
endfacet
endsolid Exported from Blender-3.3.1
